7 2 5
y 0.003595522159071826 0 0 0 0 
y 0 0.003771953497837158 0 0 0 
y 0 0 3.052163344771893 0 0 
y 0 0 0 0.1562872479042452 0 
y 0 0 0 0 0.0009159214740052365 
y 0.000286414719782741 0 0 0 0 
y 0 0.0003133512512373865 0 0 0 
y 0 0 0.008767089810041519 0 0 
y 0 0 0 0.08647062545051284 0 
y 0 0 0 0 0.0001471180233009499 
y 0.004786707152719042 0 0 0 0 
y 0 0.009964220120442215 0 0 0 
y 0 0 0.3956901927004314 0 0 
y 0 0 0 0.03768066791801092 0 
y 0 0 0 0 0.001298436858030802 
y 0.0002522440856846237 0 0 0 0 
y 0 0.000282145143087861 0 0 0 
y 0 0 0.01903541821699446 0 0 
y 0 0 0 0.002677880546460949 0 
y 0 0 0 0 1.360986515933714e-05 
y 0.006049102411927514 0 0 0 0 
y 0 0.008229641548030787 0 0 0 
y 0 0 0.4559229433179018 0 0 
y 0 0 0 7.94909005821707e-05 0 
y 0 0 0 0 0.001579719113641668 
y 0.002571838544385354 0 0 0 0 
y 0 0.003403442462477937 0 0 0 
y 0 0 0.005414208057112949 0 0 
y 0 0 0 5.591194108319064e-05 0 
y 0 0 0 0 0.001806148976124347 
y 0.03653080577222972 0 0 0 0 
y 0 0.0543930708729989 0 0 0 
y 0 0 0.2027635916380554 0 0 
y 0 0 0 0.001142176713522483 0 
y 0 0 0 0 0.001491075165206968 
y 0.01630578925437995 0 0 0 0 
y 0 0.02387060481043769 0 0 0 
y 0 0 0.08216432513415478 0 0 
y 0 0 0 0.0004499749656407609 0 
y 0 0 0 0 0.0001955722600898339 
y 0.0199025990029873 0 0 0 0 
y 0 0.02180218685011846 0 0 0 
y 0 0 0.2071671043004191 0 0 
y 0 0 0 0.03810705115698842 0 
y 0 0 0 0 0.001291377966732276 
y 0.0168588421080055 0 0 0 0 
y 0 0.01936930472267727 0 0 0 
y 0 0 2.164996442042288 0 0 
y 0 0 0 2.88645380914611 0 
y 0 0 0 0 0.00315935592197472 
y 0.004296581584507373 0 0 0 0 
y 0 0.01034042816384888 0 0 0 
y 0 0 1.200598060233359 0 0 
y 0 0 0 1.183535601752128e-06 0 
y 0 0 0 0 0.001328557319953088 
y 0.0197553824901759 0 0 0 0 
y 0 0.02301237208037204 0 0 0 
y 0 0 1.068387077802542 0 0 
y 0 0 0 1.251627484229055e-06 0 
y 0 0 0 0 0.001200460083289959 
n 
n 
n 
n 
n 
n 
n 
n 
n 
n 
y 0.004287555068104538 0 0 0 0 
y 0 0.002940214180331745 0 0 0 
y 0 0 2.174979879257879 0 0 
y 0 0 0 0.49880346482543 0 
y 0 0 0 0 0.003162336380394915 
y 0.002662191486528053 0 0 0 0 
y 0 0.006418251121433106 0 0 0 
y 0 0 0.172326196401346 0 0 
y 0 0 0 51.19305930232699 0 
y 0 0 0 0 0.0009003680692671343 
n 
n 
n 
n 
n 
n 
n 
n 
n 
n 
y 0.00551116096082569 0 0 0 0 
y 0 0.005519437049608104 0 0 0 
y 0 0 1.661876331293228 0 0 
y 0 0 0 0.006469463946884337 0 
y 0 0 0 0 5.813144537380757e-05 
y 0.0008485343582072777 0 0 0 0 
y 0 0.0008501650638754008 0 0 0 
y 0 0 0.004097595954484072 0 0 
y 0 0 0 0.0004186931459007119 0 
y 0 0 0 0 1.504306166189616e-05 
y 0.01641419003788072 0 0 0 0 
y 0 0.01652471774964499 0 0 0 
y 0 0 1.404495125112546 0 0 
y 0 0 0 0.002316411296403836 0 
y 0 0 0 0 4.621349254732537e-07 
y 0.02608664215476107 0 0 0 0 
y 0 0.02624681573254102 0 0 0 
y 0 0 3.262808799683033 0 0 
y 0 0 0 0.09386175181699455 0 
y 0 0 0 0 0.0001294695201647504 
y 0.0006252876561746808 0 0 0 0 
y 0 0.001787238973393264 0 0 0 
y 0 0 8.697943161106169 0 0 
y 0 0 0 123.9098344169503 0 
y 0 0 0 0 0.002515488263971037 
y 0.02242873720998 0 0 0 0 
y 0 0.0555382965660226 0 0 0 
y 0 0 3.161479112774948 0 0 
y 0 0 0 31.80506413704305 0 
y 0 0 0 0 0.003657239313835306 
y 0.02821783819609388 0 0 0 0 
y 0 0.028241683617078 0 0 0 
y 0 0 1.574241781906901 0 0 
y 0 0 0 0.0001267858883319696 0 
y 0 0 0 0 9.333894898690221e-05 
y 0.028563958580691 0 0 0 0 
y 0 0.02860750280534139 0 0 0 
y 0 0 0.178564779209456 0 0 
y 0 0 0 1.344420764910645e-05 0 
y 0 0 0 0 1.561894409367148e-05 
n 
n 
n 
n 
n 
n 
n 
n 
n 
n 
y 0.002728428440275707 0 0 0 0 
y 0 0.00292791731091767 0 0 0 
y 0 0 0.2157403511984084 0 0 
y 0 0 0 1032.090694094063 0 
y 0 0 0 0 0.0006226747234547482 
y 0.02196239248598024 0 0 0 0 
y 0 0.02905784676696302 0 0 0 
y 0 0 0.716299046678328 0 0 
y 0 0 0 164.9470303915163 0 
y 0 0 0 0 0.002336735950178154 
y 0.0006524450023625206 0 0 0 0 
y 0 0.0006530213730865884 0 0 0 
y 0 0 0.4879083002165209 0 0 
y 0 0 0 44.27478018302074 0 
y 0 0 0 0 3.157308197479032e-05 
y 0.01003416249481257 0 0 0 0 
y 0 0.01003439048244298 0 0 0 
y 0 0 0.6595101183490645 0 0 
y 0 0 0 4.088146652036627 0 
y 0 0 0 0 5.510923295667253e-05 
n 
n 
n 
n 
n 
n 
n 
n 
n 
n 
y 0.04847835084052198 0 0 0 0 
y 0 0.0487959131969519 0 0 0 
y 0 0 0.3955076439050306 0 0 
y 0 0 0 0.4957421335517818 0 
y 0 0 0 0 6.972379955941268e-05 
y 2.58342267354425e-06 0 0 0 0 
y 0 2.777960944406641e-06 0 0 0 
y 0 0 4.62943756483053 0 0 
y 0 0 0 0.07309993593023216 0 
y 0 0 0 0 4.622849696873399e-07 
y 0.00372916939315715 0 0 0 0 
y 0 0.002736091854163902 0 0 0 
y 0 0 5.051809177031297e-05 0 0 
y 0 0 0 673.8090596059919 0 
y 0 0 0 0 0.001290122872804611 
y 0.005114017981265144 0 0 0 0 
y 0 0.009738095211895953 0 0 0 
y 0 0 1.256990870776319 0 0 
y 0 0 0 1661.322470028707 0 
y 0 0 0 0 0.002117761883786666 
y 0.01477436087382029 0 0 0 0 
y 0 0.01482856291655903 0 0 0 
y 0 0 2.56871054308259 0 0 
y 0 0 0 0.002016232525635997 0 
y 0 0 0 0 1.639832645276188e-05 
y 0.009468734181184737 0 0 0 0 
y 0 0.009466444342975723 0 0 0 
y 0 0 0.0152698311404355 0 0 
y 0 0 0 0.001932089432532615 0 
y 0 0 0 0 5.655051407981976e-05 
n 
n 
n 
n 
n 
n 
n 
n 
n 
n 
y 0.03259525935855447 0 0 0 0 
y 0 0.04449045017783871 0 0 0 
y 0 0 3.415698234560307 0 0 
y 0 0 0 15.80475159734266 0 
y 0 0 0 0 0.0008733962512611301 
y 0.01052143649665307 0 0 0 0 
y 0 0.01321702173893584 0 0 0 
y 0 0 0.06901212639452281 0 0 
y 0 0 0 31.27912502193907 0 
y 0 0 0 0 0.0006267218893912579 
y 0.029347751452673 0 0 0 0 
y 0 0.02951556045805527 0 0 0 
y 0 0 3.544348843087977 0 0 
y 0 0 0 1.486256679237357 0 
y 0 0 0 0 0.0001140512147919224 
y 0.029347751452673 0 0 0 0 
y 0 0.02951556045805527 0 0 0 
y 0 0 3.544348843087977 0 0 
y 0 0 0 1.486256679237357 0 
y 0 0 0 0 0.0001140512147919224 
y 0.0451541070097185 0 0 0 0 
y 0 0.04547400866097529 0 0 0 
y 0 0 4.669645885380362 0 0 
y 0 0 0 0.003520785658020175 0 
y 0 0 0 0 5.835259189224342e-05 
y 0.0451541070097185 0 0 0 0 
y 0 0.04547400866097529 0 0 0 
y 0 0 4.669645885380362 0 0 
y 0 0 0 0.003520785658020175 0 
y 0 0 0 0 5.835259189224342e-05 
n 
n 
n 
n 
n 
n 
n 
n 
n 
n 
y 0.03903328665753545 0 0 0 0 
y 0 0.04924340300256606 0 0 0 
y 0 0 3.381091187230186 0 0 
y 0 0 0 58.7235941805921 0 
y 0 0 0 0 0.001735711546090689 
y 0.03903328665753545 0 0 0 0 
y 0 0.04924340300256606 0 0 0 
y 0 0 3.381091187230186 0 0 
y 0 0 0 58.7235941805921 0 
y 0 0 0 0 0.001735711546090689 
y 0.03013474842447328 0 0 0 0 
y 0 0.03071490153484243 0 0 0 
y 0 0 4.289515162531357 0 0 
y 0 0 0 0.0004094870052362037 0 
y 0 0 0 0 4.100372387853158e-05 
y 0.03013474842447328 0 0 0 0 
y 0 0.03071490153484243 0 0 0 
y 0 0 4.289515162531357 0 0 
y 0 0 0 0.0004094870052362037 0 
y 0 0 0 0 4.100372387853158e-05 
n 
n 
n 
n 
n 
n 
n 
n 
n 
n 
y 0.001453473589083929 0 0 0 0 
y 0 0.001431277242603112 0 0 0 
y 0 0 0.009942313637779988 0 0 
y 0 0 0 0.06408579388645014 0 
y 0 0 0 0 0.0008145401243677462 
y 0.02257602529922753 0 0 0 0 
y 0 0.02537964611395603 0 0 0 
y 0 0 1.105234855239643 0 0 
y 0 0 0 0.009165642658461324 0 
y 0 0 0 0 0.002135568073313104 
y 0.0119876805780131 0 0 0 0 
y 0 0.04435460660034544 0 0 0 
y 0 0 0.02290602421315744 0 0 
y 0 0 0 0.01470545359138106 0 
y 0 0 0 0 0.003610185123087424 
y 0.0166553044181562 0 0 0 0 
y 0 0.03804705151271703 0 0 0 
y 0 0 1.329130665403419 0 0 
y 0 0 0 0.01645137510277811 0 
y 0 0 0 0 0.004035575826317189 
y 0.0003177160444102234 0 0 0 0 
y 0 0.0006322535151553736 0 0 0 
y 0 0 0.01260520151435457 0 0 
y 0 0 0 6.88545794167311e-07 0 
y 0 0 0 0 9.936720398272275e-06 
y 0.04053488760556329 0 0 0 0 
y 0 0.06191380183743565 0 0 0 
y 0 0 1.15895324021137 0 0 
y 0 0 0 9.794022860953381e-06 0 
y 0 0 0 0 0.00274936911589472 
y 0.03903328665753545 0 0 0 0 
y 0 0.04924340300256606 0 0 0 
y 0 0 2.634726944229224 0 0 
y 0 0 0 5.279031447654906e-06 0 
y 0 0 0 0 0.001735711546090689 
y 0.03903328665753545 0 0 0 0 
y 0 0.04924340300256606 0 0 0 
y 0 0 2.634726944229224 0 0 
y 0 0 0 5.279031447654906e-06 0 
y 0 0 0 0 0.001735711546090689 
y 0.002114181984708239 0 0 0 0 
y 0 0.002168055489715926 0 0 0 
y 0 0 3.954715012996518 0 0 
y 0 0 0 0.400104136343735 0 
y 0 0 0 0 0.002480258238902922 
y 0.002114181984708239 0 0 0 0 
y 0 0.002168055489715926 0 0 0 
y 0 0 3.954715012996518 0 0 
y 0 0 0 0.400104136343735 0 
y 0 0 0 0 0.002480258238902922 
y 0.05663920530867766 0 0 0 0 
y 0 0.07720320140891967 0 0 0 
y 0 0 3.48055692494085 0 0 
y 0 0 0 1.401766909859274e-07 0 
y 0 0 0 0 0.004183437552070677 
y 0.00127688534975868 0 0 0 0 
y 0 0.002559103753772105 0 0 0 
y 0 0 0.06225167979814501 0 0 
y 0 0 0 9.319499764369944e-10 0 
y 0 0 0 0 1.962208170854359e-05 
n 
n 
n 
n 
n 
n 
n 
n 
n 
n 
y 0.01976011738368431 0 0 0 0 
y 0 0.02302097057850777 0 0 0 
y 0 0 1.067950517531954 0 0 
y 0 0 0 120767.5039025882 0 
y 0 0 0 0 0.001201258665991085 
y 0.004294337404725352 0 0 0 0 
y 0 0.01033388373724213 0 0 0 
y 0 0 1.286719900015133 0 0 
y 0 0 0 112831.8892085843 0 
y 0 0 0 0 0.001327798618924396 
y 0.02833923256411975 0 0 0 0 
y 0 0.0283692579107422 0 0 0 
y 0 0 3.045059497325544 0 0 
y 0 0 0 17865.82281972749 0 
y 0 0 0 0 7.424824044674141e-05 
y 0.02833923256411975 0 0 0 0 
y 0 0.0283692579107422 0 0 0 
y 0 0 3.045059497325544 0 0 
y 0 0 0 17865.82281972749 0 
y 0 0 0 0 7.424824044674141e-05 
y 0.03627913512596482 0 0 0 0 
y 0 0.03635120475126727 0 0 0 
y 0 0 5.689558028932329 0 0 
y 0 0 0 1.919640901768939 0 
y 0 0 0 0 8.791164455371682e-06 
y 0.06634884696661775 0 0 0 0 
y 0 0.0665101798944433 0 0 0 
y 0 0 6.916218755939336 0 0 
y 0 0 0 20.62380220730591 0 
y 0 0 0 0 6.504224810528938e-05 
y 0.03013474842447328 0 0 0 0 
y 0 0.03071490153484243 0 0 0 
y 0 0 2.532431973039499 0 0 
y 0 0 0 529.365628023873 0 
y 0 0 0 0 4.100372387853158e-05 
y 0.03013474842447328 0 0 0 0 
y 0 0.03071490153484243 0 0 0 
y 0 0 2.532431973039499 0 0 
y 0 0 0 529.365628023873 0 
y 0 0 0 0 4.100372387853158e-05 
y 0.1102608136560002 0 0 0 0 
y 0 0.1373824872614041 0 0 0 
y 0 0 2.314082574244099 0 0 
y 0 0 0 396824.4944785775 0 
y 0 0 0 0 0.001026227351059592 
y 0.01518496102223338 0 0 0 0 
y 0 0.02421625692309816 0 0 0 
y 0 0 3.752364452072095 0 0 
y 0 0 0 1319118.047627126 0 
y 0 0 0 0 0.0001846125144775124 
y 0.001230727468798945 0 0 0 0 
y 0 0.001236852389672874 0 0 0 
y 0 0 0.001537701575799133 0 0 
y 0 0 0 4.106937012693379e-12 0 
y 0 0 0 0 2.220446049250313e-16 
y 0.05248639731042559 0 0 0 0 
y 0 0.05249491540916262 0 0 0 
y 0 0 3.751067412788674 0 0 
y 0 0 0 0.4081243563386069 0 
y 0 0 0 0 8.400618218995723e-06 
n 
n 
n 
n 
n 
n 
n 
n 
n 
n 
n 
n 
n 
n 
n 
n 
n 
n 
n 
n 
n 
n 
n 
n 
n 
n 
n 
n 
n 
n 
n 
n 
n 
n 
n 
n 
n 
n 
n 
n 
n 
n 
n 
n 
n 
n 
n 
n 
n 
n 
n 
n 
n 
n 
n 
n 
n 
n 
n 
n 
n 
n 
n 
n 
n 
n 
n 
n 
n 
n 
n 
n 
n 
n 
n 
n 
n 
n 
n 
n 
