7 2 5
y 0.6002491042446346 0.5989727718429363 3.45813491627593 1.140076368766939 -0.02093410113902276 
y 0.5303834741928863 0.5270793040991463 5.992107920045368 0.8461458669122692 0.05761925707831463 
y 0.4219643964127101 0.3294038370209345 4.869586495942096 0.2938906960191178 -0.2511396364031855 
y 0.646711113745849 0.5672840329863363 3.353860919110518 0.3332610562991265 -0.3104522239841437 
y 0.4810133554183152 0.4010185105640106 4.788963682279046 0.02151904403617872 -0.2584525928679776 
y 0.6932404813950939 0.6417085622443389 5.881258964471745 0.01980331770894822 -0.2572056189838921 
y 0.5421649341088215 0.4592087630033777 3.491703590100459 0.07226309619832873 -0.2524218600101165 
y 0.4041144039400754 0.3187267568080986 5.803794643343039 0.07467485480564343 -0.2322957585874214 
y 0.5115400597769602 0.5050649821970959 3.78117607221206 5.288385354813973 0.05823769319788107 
y 0.5540139251275277 0.5456024196410446 4.611376832214535 3.343688941548963 0.05982989105298487 
y 0.4384105454271842 0.3176338620313058 4.562215058338579 0.002210739021564935 -0.2897242386038638 
y 0.7870751910112562 0.7416631996063483 4.923060985299133 0.002143674681178043 -0.2548835239762061 
n
n
y 0.5832221685181459 0.518366684176412 0.8676108527719152 2.791242195146332 0.263873251741698 
y 0.4003954211672806 0.2998490282978102 1.940672898959546 7.873184724414668 0.2564188490902807 
n
n
y 0.3032834526409661 0.3031429625948724 5.240945607538957 0.1443003678485519 0.004334804441715166 
y 0.3384809624181188 0.3384540637668473 0.09606662630989676 0.06823347404387643 -0.001239223535445792 
y 0.5658608529413879 0.5639342469610954 4.195544869026312 0.7787560002658072 0.04544981331683232 
y 0.384248172309081 0.3820172019870556 2.180353982012438 0.550786136744974 0.03768118254965677 
y 0.5927258075249922 0.4546939446490635 2.813654853765426 44.16610549092242 0.375366305143254 
y 0.5401131219324922 0.4073006758349998 2.406052869961569 8.644012330078667 0.2984318163225081 
y 0.4335113723394838 0.4331806525071474 4.160978027174568 0.01366559629292798 -0.01301726419848453 
y 0.4238607048806066 0.4234374871296381 0.4690193111933246 0.009676882001626265 -0.01730407603607664 
n
n
y 0.5513597065391438 0.4862456699889239 2.24924994258794 76.53368330871488 0.2583418475209577 
y 0.5353678063912287 0.4589764956110691 1.764805866871122 44.35457100042228 0.257928424005993 
y 0.334927121960439 0.3348787227065349 2.856876357787598 13.61063438717686 -0.000521064972791605 
y 0.2511850445703447 0.2509043451638694 1.797690592520255 5.935273010854776 -0.009251763059562419 
n
n
y 0.4683895546777589 0.4667528927713527 2.610109217978232 3.331468110144966 0.03381166193843963 
y 0.2688455771751402 0.2661808902039901 2.872514495192622 3.68484772536645 0.0377494154898628 
y 0.9770637154579163 0.9250830411911011 0.2271606996655464 116.8191146850586 0.3139711171388626 
y 0.4753045817216237 0.3141021380821864 1.904248344898224 175.2003506978353 0.3471490442752838 
y 0.3070581642253064 0.3065319518903187 2.790905866626201 0.1259856788025711 -0.01588326128294172 
y 0.7223312486883836 0.7221197397898368 3.260629247552866 0.1135784590815575 -0.01585094364139112 
n
n
y 0.4410685583482807 0.3436625539627619 2.754520040622204 13.19202979368528 0.2523270418408415 
y 0.6111994274410418 0.5681916326700321 0.6612690666124255 24.68364906882679 0.2177170624280589 
y 0.4191407402356466 0.4169682463010152 3.195843690633774 2.221845690409342 -0.03917374064524969 
y 0.4191407402356466 0.4169682463010152 3.195843690633774 2.221845690409342 -0.03917374064524969 
y 0.4284812609354655 0.4266389966011047 4.128666287660598 0.3051808247963587 -0.03459920274714628 
y 0.4284812609354655 0.4266389966011047 4.128666287660598 0.3051808247963587 -0.03459920274714628 
n
n
y 0.6093102801929821 0.5016231252388521 2.428736807270484 57.42946763472123 0.328157666054639 
y 0.6093102801929821 0.5016231252388521 2.428736807270484 57.42946763472123 0.328157666054639 
y 0.3321244418621063 0.3277469277381897 3.973363995552063 0.03481142967939377 -0.04761768411844969 
y 0.3321244418621063 0.3277469277381897 3.973363995552063 0.03481142967939377 -0.04761768411844969 
n
n
y 0.6147128587864826 0.6139196760473362 0.2984729954198899 0.3978862792573956 -0.01349784343882776 
y 0.5091836500686595 0.4971602315495501 2.448367307053017 0.306763505494284 -0.08461978649551984 
y 0.4860401470940809 0.350057843833116 5.970054009847301 0.1923569667745471 -0.2787784331076579 
y 0.5790767886285682 0.4455004876322881 2.578369002941689 0.1229631272109257 -0.3338142091393019 
y 0.5282186636981515 0.4092974634126214 6.138429499504667 0.005522769268616485 -0.3334157818256488 
y 0.5362165053292567 0.3788103635930111 4.451758872660178 0.006953885357101577 -0.3462695099439133 
y 0.6093102801929821 0.5016231252388521 2.14313746582378 0.01771734426306053 -0.328157666054639 
y 0.6093102801929821 0.5016231252388521 2.14313746582378 0.01771734426306053 -0.328157666054639 
y 1.123311138153076 1.122182607650757 4.02349572442472 1.162530019879341 0 
y 1.123311138153076 1.122182607650757 4.02349572442472 1.162530019879341 0 
y 0.7281516937595217 0.6412066781288831 4.140914507957812 0.0008300960032109921 -0.3071017036545501 
y 0.3323466563686561 0.2172680648225468 4.455582488165298 0.0004365360474536826 -0.2488916347281592 
n
n
y 0.787000542022428 0.7415788964815822 1.778557613221615 609.6780242198922 0.2548891668380829 
y 0.43836140933594 0.3175679511695628 1.876923182515024 586.8228772036973 0.2897308733116536 
y 0.4306664588146432 0.430308471585429 2.268964889480971 147.4681187563164 0.01428097046825082 
y 0.4306664588146432 0.430308471585429 2.268964889480971 147.4681187563164 0.01428097046825082 
y 0.3987943621336623 0.3984204177806964 2.484518811398539 7.10713418166432 0.01473964996998639 
y 0.5571275355580787 0.556631826799489 3.117702745638138 15.01555738908977 0.01804758717209056 
y 0.3321244418621063 0.3277469277381897 2.926166493445635 40.4690523147583 0.04761768411844969 
y 0.3321244418621063 0.3277469277381897 2.926166493445635 40.4690523147583 0.04761768411844969 
y 0.6932548517545125 0.6259591431505243 2.313081059325522 1292.278970653649 0.2462306433996702 
y 0.6512400188362553 0.5322082469178436 2.030105470852125 2237.252143285407 0.3628388850575007 
y 0.1380863226950169 0.1377439834177494 3.71180260181427 1.16463315486908 -0.009396921843290331 
y 0.2772758315420813 0.2772448260544075 2.830269861552451 1.150634855031967 0.0005220512135161284 
n
n
n
n
n
n
n
n
n
n
n
n
n
n
n
n
