7 2 8
y 0.9088479175907231 0.5602832061158605 0.2817343447208097 0.5598030911544999 0.5359901920639434 0.2017236569955107 0.4269026367455638 0.02001789607531032 
y 0.3794783753696926 0.5496481448342905 0.2821308815914165 0.9667725519859944 0.5754725286095913 0.2469140174571927 0.464637962312899 0.01917916196324222 
y 0.7007273024036771 0.3146232430424009 0.02241296092757866 0.4519882975589661 0.462973246262187 0.2446285613945552 0.04706401683922325 0.00467193760587612 
y 0.7007273024036771 0.3146232430424009 0.02241296092757866 0.4519882975589661 0.462973246262187 0.2446285613945552 0.04706401683922325 0.00467193760587612 
y 0.9287915793625084 0.236994276779729 0.02448772845437398 0.2609934021492262 0.08247340853149827 0.119277214480413 0.04951599733652295 0.0003661182374737503 
y 0.9287915793625084 0.236994276779729 0.02448772845437398 0.2609934021492262 0.08247340853149827 0.119277214480413 0.04951599733652295 0.0003661182374737503 
y 0.6641122877597809 0.3214076002438863 0.05813079600532849 0.4692108824849129 0.1120784262816111 0.1189642007152239 0.1175949255625407 0.001175104729675998 
y 0.6641122877597809 0.3214076002438863 0.05813079600532849 0.4692108824849129 0.1120784262816111 0.1189642007152239 0.1175949255625407 0.001175104729675998 
y 0.1974194943904877 0.5198860764503479 0.2869887053966522 1.207880020141602 0.4065340161323547 0.3897721171379089 0.4139774441719055 0.02202949114143848 
y 0.8349987828731537 0.3752866661548614 0.3446261125802994 0.5542791575193405 0.4383422708511353 0.4253281319141388 0.5484522235393524 0.05285032022744417 
y 0.9692198505114987 0.2320106386148811 0.01043652236527767 0.2429891324322088 0.09718410787837217 0.1138238982715016 0.0161189078293358 4.270290249128931e-05 
y 0.4263960809496092 0.2812995405456128 0.007199683950658055 0.64217058030258 0.1056103944154991 0.1167835896018281 0.01550336307350565 4.134005159099974e-05 
n 
n 
