7 2 8
y 0.02831195143376216 0 0 0 0 0 0 0 
y 0 0.01097592329387464 0 0 0 0 0 0 
y 0 0 0.001646090077356998 0 0 0 0 0 
y 0 0 0 0.01678138607636102 0 0 0 0 
y 0 0 0 0 0.003799885160757561 0 0 0 
y 0 0 0 0 0 0.01231277700542482 0 0 
y 0 0 0 0 0 0 0.002543479569504323 0 
y 0 0 0 0 0 0 0 7.231461243513322e-05 
y 0.004842161721889781 0 0 0 0 0 0 0 
y 0 0.00548894391173432 0 0 0 0 0 0 
y 0 0 0.001115818319344471 0 0 0 0 0 
y 0 0 0 0.008078236355770959 0 0 0 0 
y 0 0 0 0 0.000944437146390772 0 0 0 
y 0 0 0 0 0 0.02265291142787129 0 0 
y 0 0 0 0 0 0 0.001592761709039437 0 
y 0 0 0 0 0 0 0 3.383202580835012e-05 
y 0.0677032709748472 0 0 0 0 0 0 0 
y 0 0.005801977113286704 0 0 0 0 0 0 
y 0 0 5.413665898023582e-05 0 0 0 0 0 
y 0 0 0 0.0199493999568271 0 0 0 0 
y 0 0 0 0 0.001637210700436806 0 0 0 
y 0 0 0 0 0 0.007442115121632413 0 0 
y 0 0 0 0 0 0 0.0001196590468590016 0 
y 0 0 0 0 0 0 0 7.559094083892954e-06 
y 0.0677032709748472 0 0 0 0 0 0 0 
y 0 0.005801977113286704 0 0 0 0 0 0 
y 0 0 5.413665898023582e-05 0 0 0 0 0 
y 0 0 0 0.0199493999568271 0 0 0 0 
y 0 0 0 0 0.001637210700436806 0 0 0 
y 0 0 0 0 0 0.007442115121632413 0 0 
y 0 0 0 0 0 0 0.0001196590468590016 0 
y 0 0 0 0 0 0 0 7.559094083892954e-06 
y 0.03894822179154057 0 0 0 0 0 0 0 
y 0 0.007522768463909787 0 0 0 0 0 0 
y 0 0 1.624567688429889e-05 0 0 0 0 0 
y 0 0 0 0.01084465321447327 0 0 0 0 
y 0 0 0 0 0.0004174993102488793 0 0 0 
y 0 0 0 0 0 0.0002689050278139883 0 0 
y 0 0 0 0 0 0 6.093893106875205e-05 0 
y 0 0 0 0 0 0 0 5.948137111849397e-09 
y 0.03894822179154057 0 0 0 0 0 0 0 
y 0 0.007522768463909787 0 0 0 0 0 0 
y 0 0 1.624567688429889e-05 0 0 0 0 0 
y 0 0 0 0.01084465321447327 0 0 0 0 
y 0 0 0 0 0.0004174993102488793 0 0 0 
y 0 0 0 0 0 0.0002689050278139883 0 0 
y 0 0 0 0 0 0 6.093893106875205e-05 0 
y 0 0 0 0 0 0 0 5.948137111849397e-09 
y 0.05982306426294786 0 0 0 0 0 0 0 
y 0 0.01674115697494991 0 0 0 0 0 0 
y 0 0 3.765378424460945e-05 0 0 0 0 0 
y 0 0 0 0.02603077980390617 0 0 0 0 
y 0 0 0 0 0.0002334163856971195 0 0 0 
y 0 0 0 0 0 0.0001920559571563042 0 0 
y 0 0 0 0 0 0 0.0001575133677611267 0 
y 0 0 0 0 0 0 0 2.0849054315992e-08 
y 0.05982306426294786 0 0 0 0 0 0 0 
y 0 0.01674115697494991 0 0 0 0 0 0 
y 0 0 3.765378424460945e-05 0 0 0 0 0 
y 0 0 0 0.02603077980390617 0 0 0 0 
y 0 0 0 0 0.0002334163856971195 0 0 0 
y 0 0 0 0 0 0.0001920559571563042 0 0 
y 0 0 0 0 0 0 0.0001575133677611267 0 
y 0 0 0 0 0 0 0 2.0849054315992e-08 
y 2.220446049250313e-16 0 0 0 0 0 0 0 
y 0 2.220446049250313e-16 0 0 0 0 0 0 
y 0 0 2.220446049250313e-16 0 0 0 0 0 
y 0 0 0 2.220446049250313e-16 0 0 0 0 
y 0 0 0 0 2.220446049250313e-16 0 0 0 
y 0 0 0 0 0 2.220446049250313e-16 0 0 
y 0 0 0 0 0 0 2.220446049250313e-16 0 
y 0 0 0 0 0 0 0 2.220446049250313e-16 
y 0.2608619133572888 0 0 0 0 0 0 0 
y 0 0.009209035097898303 0 0 0 0 0 0 
y 0 0 0.004256144117154042 0 0 0 0 0 
y 0 0 0 0.1058465854041361 0 0 0 0 
y 0 0 0 0 0.02886148263392022 0 0 0 
y 0 0 0 0 0 0.02316038183588458 0 0 
y 0 0 0 0 0 0 0.0105332360758288 0 
y 0 0 0 0 0 0 0 0.0003443853328314851 
y 0.05681074247438148 0 0 0 0 0 0 0 
y 0 0.008171750319530323 0 0 0 0 0 0 
y 0 0 4.184153633727243e-05 0 0 0 0 0 
y 0 0 0 0.007949182914108328 0 0 0 0 
y 0 0 0 0 0.001630580233464928 0 0 0 
y 0 0 0 0 0 0.001766002907497886 0 0 
y 0 0 0 0 0 0 2.278365665743012e-05 0 
y 0 0 0 0 0 0 0 4.612520392395858e-10 
y 0.06487950771436136 0 0 0 0 0 0 0 
y 0 0.02310128042689071 0 0 0 0 0 0 
y 0 0 7.766532740238014e-06 0 0 0 0 0 
y 0 0 0 0.08464664200395892 0 0 0 0 
y 0 0 0 0 0.0021317586915599 0 0 0 
y 0 0 0 0 0 0.001097797373877285 0 0 
y 0 0 0 0 0 0 1.093541539874007e-05 0 
y 0 0 0 0 0 0 0 2.095815404566292e-10 
n 
n 
n 
n 
n 
n 
n 
n 
n 
n 
n 
n 
n 
n 
n 
n 
